-4.483914878235383261e-01 -1.007668059925725870e+07 -4.116122925840603750e+14
-4.505266133167647458e-01 -6.584506110169752501e+06 -6.550767110862342500e+14
-5.027499860044766233e-01 -4.669230791730632074e+06 -6.882366973769587500e+14
-5.131543459090164294e-01 -5.218696193817439489e+06 -2.212093209359622500e+14
-5.211566757021246499e-01 -6.484473084009770304e+06 -3.050369680158298125e+14
-4.634489977571880637e-01 -4.952661476014709100e+06 -6.151320146485700000e+14
-4.345042079929383738e-01 -5.005140638544133864e+06 -4.658631517150275000e+14
-5.080499570013432553e-01 -7.499415081125093624e+06 -3.875039124546916250e+14
-4.796347515825183372e-01 -7.055921052758432925e+06 -4.210693204363788125e+14
-4.728733319182163441e-01 -5.474257330693788826e+06 -4.310305851121674375e+14
-4.389650512721732789e-01 -4.744604889970371500e+06 -4.203675910395131875e+14
-4.310906037393023027e-01 -4.985016749771754257e+06 -4.809274052419507500e+14
-5.098700554182626909e-01 -5.482556352087712847e+06 -3.079981792825098750e+14
-5.129765691634664559e-01 -4.931585305992285721e+06 -3.551172401050209375e+14
-4.804002193428765222e-01 -6.736257739097005688e+06 -5.394514652342443750e+14
-4.745804525781127658e-01 -1.000949026582716778e+07 -4.055580631804196875e+14
-4.829823095853023607e-01 -1.009533115897135064e+07 -6.313394524960092500e+14
-4.877390985861936867e-01 -7.111465876600688323e+06 -6.253780090712090000e+14
-4.283515144792438556e-01 -3.116826089970252477e+06 -5.236181462103216250e+14
-4.870652057306688043e-01 -9.511114755596758798e+06 -6.911498016267148750e+14
-4.879245217924306210e-01 -1.005744206519515254e+07 -6.175729424279575000e+14
-4.653157168235316221e-01 -5.121689917321628891e+06 -2.359005791309490625e+14
-4.292464112351888073e-01 -4.741679182835835963e+06 -7.551708236825590000e+14
-4.530250969582494402e-01 -3.176581298897278495e+06 -3.624915647740946875e+14
-4.849917105654553140e-01 -8.408433637837015092e+06 -7.710212406420806250e+14
-5.004468169446463222e-01 -5.651684427463082597e+06 -2.202352155957485000e+14
-4.879336580170738347e-01 -5.585027118505826220e+06 -6.944198268385147500e+14
-5.095662710846511345e-01 -8.736559670128077269e+06 -3.398368918191771875e+14
-4.683888900819012657e-01 -7.961822304316772148e+06 -4.479362778622061250e+14
-4.528897848512157820e-01 -9.994179947746006772e+06 -5.004830807012825000e+14
-5.064326260940306135e-01 -6.139484030112751760e+06 -6.552101365489533750e+14
-4.268713689830501701e-01 -3.427970978292651474e+06 -2.082266411805828750e+14
-4.385245592203690368e-01 -3.019281318177145906e+06 -7.613432209150982500e+14
-4.438979762825371322e-01 -6.399942323796113953e+06 -3.475597203565442500e+14
-4.366737455586323646e-01 -1.000004751983273029e+07 -5.893739456532518750e+14
-4.457231620914289261e-01 -2.962616384297236800e+06 -2.644967114221007500e+14
-4.472140750866453462e-01 -5.932251769450710155e+06 -2.392338775135888750e+14
-4.664281978642514370e-01 -6.699926095823246054e+06 -6.649964298590478750e+14
-4.785035032946522993e-01 -5.694980753314966336e+06 -6.431578014342752500e+14
-4.925384111349182525e-01 -1.011413052401500568e+07 -7.645809481468606250e+14
-5.139308101154238528e-01 -8.995359412686130032e+06 -4.449353104077432500e+14
-4.272108850831758398e-01 -5.774378419529459439e+06 -3.028236129275745625e+14
-4.453756608194563982e-01 -7.343410688418940641e+06 -5.896964248208813750e+14
-5.176758692770673242e-01 -7.023154372951846570e+06 -2.043781013382440000e+14
-4.438649455337870808e-01 -9.566880640866061673e+06 -7.480709437669786250e+14
-5.176303782444379165e-01 -5.902665613521660678e+06 -6.400258607020777500e+14
-4.930712937176552901e-01 -9.511454592633003369e+06 -4.660419199015626250e+14
-4.673622091441733128e-01 -2.948768966374714859e+06 -6.304251644056470000e+14
-4.755752344656672959e-01 -7.341437149453695863e+06 -5.521635210250898125e+14
-4.571532091137534004e-01 -8.440035781637305394e+06 -4.040398356401443125e+14
-5.018445716698446413e-01 -7.479735022818483412e+06 -5.957228509266088750e+14
-4.917880713223991007e-01 -5.829738128083097748e+06 -2.121078757057427500e+14
-4.931124763287643153e-01 -9.766601223688704893e+06 -5.895209993327587500e+14
-4.789730889804572622e-01 -3.185987360046030022e+06 -4.810466352494638750e+14
-4.376598236577339818e-01 -4.113042576612897217e+06 -3.955106911654562500e+14
-5.213854157399121503e-01 -8.373228254761156626e+06 -7.823678317275918750e+14
-4.960353067508141423e-01 -3.502787763796108775e+06 -4.121828007136681250e+14
-4.722077972769284648e-01 -3.510757449141017161e+06 -5.437843300239386875e+14
-4.471468627584412880e-01 -8.968846295027017593e+06 -3.671719954163378750e+14
-4.841771173155522967e-01 -8.358531773733422160e+06 -4.759019655225711250e+14
-4.313463210325574893e-01 -1.006223920119752921e+07 -2.329727267403560625e+14
-4.739623498278107694e-01 -8.753204343326417729e+06 -5.172346888946095000e+14
-4.970173010377901823e-01 -6.661037285724502988e+06 -3.356345618207282500e+14
-4.488875869012670106e-01 -3.101583975328455679e+06 -4.677798743868123750e+14
-5.046083193499689701e-01 -5.842072216906235553e+06 -6.267975423639486250e+14
-5.080245409096555420e-01 -6.509337533630656078e+06 -3.705609288502288750e+14
-4.824134807010104220e-01 -9.830480292483173311e+06 -6.781157959625831250e+14
-4.570024818632155705e-01 -7.536811943819953129e+06 -7.703462511690211250e+14
-4.621351795186104949e-01 -5.451231731132655405e+06 -2.246374814677157500e+14
-4.949446498276074413e-01 -4.952296932815080509e+06 -5.918661401870422500e+14
-4.635131401574874022e-01 -7.718452181759292260e+06 -6.950161785030295000e+14
-4.587069130159195929e-01 -3.194574919772417285e+06 -2.869663839637429375e+14
-4.308165333945160880e-01 -6.780831837863588706e+06 -3.503037930229220000e+14
-4.699235043416580826e-01 -3.438814946740462445e+06 -6.870782891919955000e+14
-4.684146102432223957e-01 -6.819716508648321033e+06 -4.220134132997257500e+14
-4.951819606883934854e-01 -3.419562071816107258e+06 -4.182873784643585000e+14
-4.912788300755140947e-01 -3.058034994520136155e+06 -6.622413353299640000e+14
-4.398321617834344277e-01 -7.082537451048629358e+06 -2.508759885741134375e+14
-5.135191779099659293e-01 -9.876170133138969541e+06 -5.922444358259728750e+14
-4.478025392685247019e-01 -6.626120132813322358e+06 -6.697424177924541250e+14
-5.170612794420188507e-01 -5.309421764613817446e+06 -5.593458703046885625e+14
-4.288966850456170654e-01 -5.018239835423260927e+06 -6.990830108568005000e+14
-4.980908647819196622e-01 -2.979519517925650813e+06 -2.758346888433171875e+14
-4.992681691245300923e-01 -6.418443300978472456e+06 -2.179049349859101250e+14
-4.827890061053486392e-01 -6.148345354215279222e+06 -7.575525636899056250e+14
-5.008970015013060051e-01 -4.187471032549851574e+06 -6.071460299103008750e+14
-4.280326056056093509e-01 -7.826557627383977175e+06 -2.091420148161965000e+14
-5.020055032702935849e-01 -5.655176792826929130e+06 -6.541247727877581250e+14
-4.518638736149688251e-01 -5.197915905740683898e+06 -3.403179760390492500e+14
-5.124302347643567845e-01 -3.655870378644779325e+06 -4.487873330808714375e+14
-4.804659621108481882e-01 -2.983243853695361875e+06 -4.776443420988745625e+14
-4.663491413004646757e-01 -7.598899347887838259e+06 -3.400817655476331250e+14
-4.268658953130559097e-01 -8.458424871418133378e+06 -3.180141503463217500e+14
-4.984270951075435718e-01 -7.729186902319061570e+06 -4.202794249721537500e+14
-4.671816242645502326e-01 -6.206286635023562238e+06 -6.079122166992863750e+14
-4.289161079563452716e-01 -9.528666516062332317e+06 -3.599689816407705000e+14
-4.636261052178785036e-01 -6.117236741778247058e+06 -3.363577263044501250e+14
-4.975842218070757883e-01 -4.901882331864889711e+06 -4.959584980701211875e+14
-4.304266190569712713e-01 -3.100052025305058807e+06 -6.042340658455797500e+14
-4.864611056594888572e-01 -9.819451742080159485e+06 -7.593109607195578750e+14
-4.470139053953443020e-01 -4.368368160811795853e+06 -5.998873799624596250e+14
-5.172687162475460010e-01 -4.651202027875388041e+06 -5.810181459154750000e+14
-4.642440754089300903e-01 -9.096906596949163824e+06 -6.461424036953991250e+14
-4.884511193420098540e-01 -8.343513841879935935e+06 -2.932451665263633750e+14
-4.852337517431609126e-01 -9.701975702175425366e+06 -2.951060563169075000e+14
-4.577116383118472465e-01 -7.628681596185874194e+06 -3.038393512552141875e+14
-5.110622923584563493e-01 -3.645501183629894629e+06 -2.334161385675337500e+14
-4.408581382080711264e-01 -6.986469591451765038e+06 -4.052441328417550625e+14
-5.148964717331871999e-01 -8.123855121085419320e+06 -3.294597389254291250e+14
-4.518208699619515878e-01 -5.320416196812739596e+06 -3.771480878150630625e+14
-4.550021085031977219e-01 -7.290267676066736691e+06 -4.029053611903625625e+14
-4.344555629057540447e-01 -7.305291956743227318e+06 -6.468194647430712500e+14
-4.796429498714110395e-01 -9.707040636075828224e+06 -7.647006961761603750e+14
-5.081648347289834389e-01 -7.488651103933600709e+06 -7.560412253486148750e+14
-4.557566959108119153e-01 -5.791505102729112841e+06 -4.775153387146031250e+14
-4.746838850524933151e-01 -6.307578318654507399e+06 -3.629211467823161250e+14
-4.833078842408660702e-01 -3.003681318770708516e+06 -7.511167260510553750e+14
-4.898506601323661114e-01 -5.720164872637485154e+06 -5.536433181206153750e+14
-4.709683139013647879e-01 -6.145458253601968288e+06 -5.820489726805812500e+14
-4.288414705021382778e-01 -3.597719425274893641e+06 -4.239506083458435000e+14
-5.056452187212517879e-01 -6.659049650421090424e+06 -5.423499654874164375e+14
-4.683399289129320242e-01 -7.636480793019397184e+06 -6.241063199665653750e+14
-5.020904578070272128e-01 -8.648404887005323544e+06 -2.898518045009478125e+14
-4.755866053119375270e-01 -6.967445728945896961e+06 -4.888955229612470625e+14
-5.147802106738003092e-01 -3.881924182740970515e+06 -7.347364250789140000e+14
-4.609945062073144140e-01 -5.998533767508043908e+06 -7.043432793054061250e+14
-5.030535640574492762e-01 -4.772439664447925054e+06 -6.539726595389060000e+14
-4.743804151561762383e-01 -8.611996840365745127e+06 -4.012603552941510625e+14
-5.033588495742649105e-01 -8.161807195734983310e+06 -7.754553960632367500e+14
-5.078140384766214321e-01 -4.824139009833027609e+06 -6.320374492943445000e+14
-4.640480306128361709e-01 -5.525332227546868846e+06 -7.690317988494057500e+14
-4.477346856782282725e-01 -8.043446362822012976e+06 -2.101682357334325000e+14
-4.458744737203051978e-01 -5.595173352843930945e+06 -2.306357944443868750e+14
-4.487833968747854119e-01 -3.744236921011664905e+06 -3.179783446333986875e+14
-4.468376774187804434e-01 -6.162193035629980266e+06 -4.792731924123348750e+14
-4.463203582336043307e-01 -4.053418427027784288e+06 -7.537648080679637500e+14
-5.009097477835118273e-01 -9.510628369770547375e+06 -5.161327803803727500e+14
-4.853279396887400510e-01 -3.492190061997670680e+06 -6.841368807615257500e+14
-4.626104652188242627e-01 -3.804164872622868977e+06 -3.505408376420471875e+14
-4.618629015076499145e-01 -8.667811373525587842e+06 -2.560011844066130000e+14
-4.295953144504769949e-01 -3.804335992620049044e+06 -2.519103798810070625e+14
-4.695167358340099906e-01 -7.922051550562012941e+06 -3.205503517868502500e+14
-4.576261419538413255e-01 -6.758580349113732576e+06 -4.218610025231622500e+14
-4.394368657865663774e-01 -8.542046280355837196e+06 -6.545435563679680000e+14
-4.831330471568602847e-01 -4.894655509943897836e+06 -4.065637850727267500e+14
-4.818030016199144616e-01 -9.994142194063819945e+06 -4.281608490806220625e+14
-4.269525384107372701e-01 -6.035823709258944727e+06 -6.685875979108313750e+14
-4.787023516466108464e-01 -5.630664846726038493e+06 -7.786190080341458750e+14
-4.985194914564677893e-01 -6.575963448835646734e+06 -5.269659782581463750e+14
-4.746838850524933151e-01 -6.307578318654507399e+06 -3.629211467823161250e+14
