-5.054988668720753475e-01 5.562782509168237448e+07 1.519602461964060500e+15
-5.054988668720753475e-01 5.562782509168237448e+07 1.519602461964060500e+15
-5.054988668720753475e-01 5.562782509168237448e+07 1.519602461964060500e+15
-4.884705588609858928e-01 2.622077329177063704e+07 8.963618845813120000e+14
-4.884705588609858928e-01 2.622077329177063704e+07 8.963618845813120000e+14
-4.884705588609858928e-01 2.622077329177063704e+07 8.963618845813120000e+14
-4.884705588609858928e-01 2.622077329177063704e+07 8.963618845813120000e+14
-4.884705588609858928e-01 2.622077329177063704e+07 8.963618845813120000e+14
-4.784282316835548610e-01 1.835226173840487003e+07 1.567913210351111500e+15
-4.803710521024729951e-01 1.662191154825156927e+07 -2.325895348736500000e+12
-4.803710521024729951e-01 1.662191154825156927e+07 -2.325895348736500000e+12
-4.781760514122408989e-01 3.410395237600982189e+06 -2.550308461081680500e+15
-4.781760514122408989e-01 3.410395237600982189e+06 -2.550308461081680500e+15
-4.781760514122408989e-01 3.410395237600982189e+06 -2.550308461081680500e+15
-4.762218906672670560e-01 -1.537472053451198339e+07 9.565775939662750000e+13
-4.762218906672670560e-01 -1.537472053451198339e+07 9.565775939662750000e+13
-4.762218906672670560e-01 -1.537472053451198339e+07 9.565775939662750000e+13
-4.762218906672670560e-01 -1.537472053451198339e+07 9.565775939662750000e+13
-4.762218906672670560e-01 -1.537472053451198339e+07 9.565775939662750000e+13
-4.762218906672670560e-01 -1.537472053451198339e+07 9.565775939662750000e+13
-4.762218906672670560e-01 -1.537472053451198339e+07 9.565775939662750000e+13
-4.762218906672670560e-01 -1.537472053451198339e+07 9.565775939662750000e+13
-4.762218906672670560e-01 -1.537472053451198339e+07 9.565775939662750000e+13
-4.754209168058504131e-01 -9.727338649021387100e+06 7.442688760645535000e+14
-4.759974858131442166e-01 -9.727338649021387100e+06 7.442688760645535000e+14
-4.759974858131442166e-01 -9.727338649021387100e+06 7.442688760645535000e+14
-4.760825700672400296e-01 -8.070255813735008240e+06 1.567913210351111500e+15
-4.760825700672400296e-01 -8.070255813735008240e+06 1.567913210351111500e+15
-4.760825700672400296e-01 -8.070255813735008240e+06 1.567913210351111500e+15
-4.760825700672400296e-01 -8.070255813735008240e+06 1.567913210351111500e+15
-4.760825700672400296e-01 -8.070255813735008240e+06 1.567913210351111500e+15
-4.760825700672400296e-01 -8.070255813735008240e+06 1.567913210351111500e+15
-4.754876779805013443e-01 -7.623745371859312057e+06 8.535340863530700000e+13
-4.754876779805013443e-01 -7.623745371859312057e+06 8.535340863530700000e+13
-4.754876779805013443e-01 -7.623745371859312057e+06 8.535340863530700000e+13
-4.755113590127194034e-01 -8.070255813735008240e+06 -3.203276663515315000e+14
-4.755113590127194034e-01 -8.070255813735008240e+06 -3.203276663515315000e+14
-4.759171543280672489e-01 -7.931719954416394234e+06 1.529274407341061500e+15
-4.759171543280672489e-01 -7.931719954416394234e+06 1.529274407341061500e+15
-4.759171543280672489e-01 -7.931719954416394234e+06 1.529274407341061500e+15
-4.753534525909943742e-01 -6.893203349070012569e+06 1.567913210351111500e+15
-4.753534525909943742e-01 -6.893203349070012569e+06 1.567913210351111500e+15
-4.753534525909943742e-01 -6.893203349070012569e+06 1.567913210351111500e+15
-4.753534525909943742e-01 -6.893203349070012569e+06 1.567913210351111500e+15
-4.753534525909943742e-01 -6.893203349070012569e+06 1.567913210351111500e+15
-4.753534525909943742e-01 -6.893203349070012569e+06 1.567913210351111500e+15
-4.753534525909943742e-01 -6.893203349070012569e+06 1.567913210351111500e+15
-4.753965742227393432e-01 -6.968633535449981689e+06 1.567913210351111500e+15
-4.753965742227393432e-01 -6.968633535449981689e+06 1.567913210351111500e+15
-4.753965742227393432e-01 -6.968633535449981689e+06 1.567913210351111500e+15
-4.753965742227393432e-01 -6.968633535449981689e+06 1.567913210351111500e+15
-4.753965742227393432e-01 -6.968633535449981689e+06 1.567913210351111500e+15
-4.753965742227393432e-01 -6.968633535449981689e+06 1.567913210351111500e+15
-4.753965742227393432e-01 -6.968633535449981689e+06 1.567913210351111500e+15
-4.753965742227393432e-01 -6.968633535449981689e+06 1.567913210351111500e+15
-4.753965742227393432e-01 -6.968633535449981689e+06 1.567913210351111500e+15
-4.753965742227393432e-01 -6.968633535449981689e+06 1.567913210351111500e+15
-4.753965742227393432e-01 -6.968633535449981689e+06 1.567913210351111500e+15
-4.753965742227393432e-01 -6.968633535449981689e+06 1.567913210351111500e+15
-4.753965742227393432e-01 -6.968633535449981689e+06 1.567913210351111500e+15
-4.753965742227393432e-01 -6.968633535449981689e+06 1.567913210351111500e+15
-4.753965742227393432e-01 -6.968633535449981689e+06 1.567913210351111500e+15
-4.753965742227393432e-01 -6.968633535449981689e+06 1.567913210351111500e+15
-4.753965742227393432e-01 -6.968633535449981689e+06 1.567913210351111500e+15
-4.754182792456743134e-01 -6.890691992048799992e+06 1.567913210351111500e+15
-4.754182792456743134e-01 -6.890691992048799992e+06 1.567913210351111500e+15
-4.754182792456743134e-01 -6.890691992048799992e+06 1.567913210351111500e+15
-4.754182792456743134e-01 -6.890691992048799992e+06 1.567913210351111500e+15
-4.754182792456743134e-01 -6.890691992048799992e+06 1.567913210351111500e+15
-4.754182792456743134e-01 -6.890691992048799992e+06 1.567913210351111500e+15
-4.754182792456743134e-01 -6.890691992048799992e+06 1.567913210351111500e+15
-4.754402664586153682e-01 -6.924091076339006424e+06 1.567913210351111500e+15
-4.754402664586153682e-01 -6.924091076339006424e+06 1.567913210351111500e+15
-4.754402664586153682e-01 -6.924091076339006424e+06 1.567913210351111500e+15
-4.754402664586153682e-01 -6.924091076339006424e+06 1.567913210351111500e+15
-4.754402664586153682e-01 -6.924091076339006424e+06 1.567913210351111500e+15
-4.754402664586153682e-01 -6.924091076339006424e+06 1.567913210351111500e+15
-4.754403711977144287e-01 -6.923027365722477436e+06 1.567913210351111500e+15
-4.754403711977144287e-01 -6.923027365722477436e+06 1.567913210351111500e+15
-4.754403711977144287e-01 -6.923027365722477436e+06 1.567913210351111500e+15
-4.754403711977144287e-01 -6.923027365722477436e+06 1.567913210351111500e+15
-4.754403711977144287e-01 -6.923027365722477436e+06 1.567913210351111500e+15
-4.754403711977144287e-01 -6.923027365722477436e+06 1.567913210351111500e+15
-4.754403711977144287e-01 -6.923027365722477436e+06 1.567913210351111500e+15
-4.754403711977144287e-01 -6.923027365722477436e+06 1.567913210351111500e+15
-4.754403711977144287e-01 -6.923027365722477436e+06 1.567913210351111500e+15
-4.754403711977144287e-01 -6.923027365722477436e+06 1.567913210351111500e+15
-4.754403711977144287e-01 -6.923027365722477436e+06 1.567913210351111500e+15
-4.754403711977144287e-01 -6.923027365722477436e+06 1.567913210351111500e+15
-4.754403711977144287e-01 -6.923027365722477436e+06 1.567913210351111500e+15
-4.754397458635344353e-01 -6.923707291464507580e+06 1.567913210351111500e+15
-4.754397458635344353e-01 -6.923707291464507580e+06 1.567913210351111500e+15
-4.754397458635344353e-01 -6.923707291464507580e+06 1.567913210351111500e+15
-4.754397458635344353e-01 -6.923707291464507580e+06 1.567913210351111500e+15
-4.754397458635344353e-01 -6.923707291464507580e+06 1.567913210351111500e+15
-4.754391039576932321e-01 -6.922014919027149677e+06 1.567913210351111500e+15
-4.754391039576932321e-01 -6.922014919027149677e+06 1.567913210351111500e+15
-4.754391039576932321e-01 -6.922014919027149677e+06 1.567913210351111500e+15
-4.754385278355683919e-01 -6.921514212636351585e+06 1.567913210351111500e+15
-4.754385278355683919e-01 -6.921514212636351585e+06 1.567913210351111500e+15
-4.754385278355683919e-01 -6.921514212636351585e+06 1.567913210351111500e+15
-4.754386123644791518e-01 -6.921821049674689770e+06 1.567913210351111500e+15
-4.754386123644791518e-01 -6.921821049674689770e+06 1.567913210351111500e+15
-4.754386123644791518e-01 -6.921821049674689770e+06 1.567913210351111500e+15
-4.754386123644791518e-01 -6.921821049674689770e+06 1.567913210351111500e+15
-4.754386123644791518e-01 -6.921821049674689770e+06 1.567913210351111500e+15
-4.754386123644791518e-01 -6.921821049674689770e+06 1.567913210351111500e+15
-4.754386123644791518e-01 -6.921821049674689770e+06 1.567913210351111500e+15
-4.754386123644791518e-01 -6.921821049674689770e+06 1.567913210351111500e+15
-4.754386123644791518e-01 -6.921821049674689770e+06 1.567913210351111500e+15
-4.754386123644791518e-01 -6.921821049674689770e+06 1.567913210351111500e+15
-4.754387128972857868e-01 -6.921893922129750252e+06 1.567913210351111500e+15
-4.754387128972857868e-01 -6.921893922129750252e+06 1.567913210351111500e+15
-4.754387128972857868e-01 -6.921893922129750252e+06 1.567913210351111500e+15
-4.754386972569675240e-01 -6.921841401502907276e+06 1.567913210351111500e+15
-4.754386972569675240e-01 -6.921841401502907276e+06 1.567913210351111500e+15
-4.754386972569675240e-01 -6.921841401502907276e+06 1.567913210351111500e+15
-4.754386972569675240e-01 -6.921841401502907276e+06 1.567913210351111500e+15
-4.754386972569675240e-01 -6.921841401502907276e+06 1.567913210351111500e+15
-4.754387017178144381e-01 -6.921875878484547138e+06 1.567913210351111500e+15
-4.754387017178144381e-01 -6.921875878484547138e+06 1.567913210351111500e+15
-4.754387017178144381e-01 -6.921875878484547138e+06 1.567913210351111500e+15
-4.754387097015113084e-01 -6.921863080344319344e+06 1.567913210351111500e+15
-4.754387028968426465e-01 -6.921872600758194923e+06 1.567913210351111500e+15
-4.754387047902814967e-01 -6.921858344655871391e+06 1.567913210351111500e+15
-4.754387042498246507e-01 -6.921863080344319344e+06 1.567913210351111500e+15
-4.754387042498246507e-01 -6.921863080344319344e+06 1.567913210351111500e+15
-4.754387042498246507e-01 -6.921863080344319344e+06 1.567913210351111500e+15
-4.754387022823743369e-01 -6.921863508297979832e+06 1.567913210351111500e+15
-4.754387022823743369e-01 -6.921863508297979832e+06 1.567913210351111500e+15
-4.754387031240912553e-01 -6.921864846319854259e+06 1.567913210351111500e+15
-4.754387031240912553e-01 -6.921864846319854259e+06 1.567913210351111500e+15
-4.754387031240912553e-01 -6.921864846319854259e+06 1.567913210351111500e+15
-4.754387031240912553e-01 -6.921864846319854259e+06 1.567913210351111500e+15
-4.754387025688095458e-01 -6.921865062558770180e+06 1.567913210351111500e+15
-4.754387025688095458e-01 -6.921865062558770180e+06 1.567913210351111500e+15
-4.754387025688095458e-01 -6.921865062558770180e+06 1.567913210351111500e+15
-4.754387025688095458e-01 -6.921865062558770180e+06 1.567913210351111500e+15
-4.754387025042263182e-01 -6.921864846319854259e+06 1.567913210351111500e+15
-4.754387025042263182e-01 -6.921864846319854259e+06 1.567913210351111500e+15
-4.754387026593730470e-01 -6.921864950475394726e+06 1.567913210351111500e+15
-4.754387026593730470e-01 -6.921864950475394726e+06 1.567913210351111500e+15
-4.754387027625233686e-01 -6.921864846319854259e+06 1.567913210351111500e+15
-4.754387027257973020e-01 -6.921864826362371445e+06 1.567913210351111500e+15
-4.754387027257973020e-01 -6.921864826362371445e+06 1.567913210351111500e+15
-4.754387027257973020e-01 -6.921864826362371445e+06 1.567913210351111500e+15
-4.754387027257973020e-01 -6.921864826362371445e+06 1.567913210351111500e+15
-4.754387027257973020e-01 -6.921864826362371445e+06 1.567913210351111500e+15
-4.754387027257973020e-01 -6.921864826362371445e+06 1.567913210351111500e+15
-4.754387027257973020e-01 -6.921864826362371445e+06 1.567913210351111500e+15
-4.754387027196761983e-01 -6.921864723658204079e+06 1.567913210351111500e+15
-4.754387027196761983e-01 -6.921864723658204079e+06 1.567913210351111500e+15
-4.754387027027459078e-01 -6.921864748747348785e+06 1.567913210351111500e+15
-4.754387027027459078e-01 -6.921864748747348785e+06 1.567913210351111500e+15
-4.754387027604221605e-01 -6.921864755760073662e+06 1.567913210351111500e+15
-4.754387027604221605e-01 -6.921864755760073662e+06 1.567913210351111500e+15
-4.754387027604221605e-01 -6.921864755760073662e+06 1.567913210351111500e+15
-4.754387027604221605e-01 -6.921864755760073662e+06 1.567913210351111500e+15
-4.754387027604221605e-01 -6.921864755760073662e+06 1.567913210351111500e+15
-4.754387027186144921e-01 -6.921864795021891594e+06 1.567913210351111500e+15
-4.754387027186144921e-01 -6.921864795021891594e+06 1.567913210351111500e+15
-4.754387027186144921e-01 -6.921864795021891594e+06 1.567913210351111500e+15
-4.754387027186144921e-01 -6.921864795021891594e+06 1.567913210351111500e+15
-4.754387027186144921e-01 -6.921864795021891594e+06 1.567913210351111500e+15
-4.754387027186144921e-01 -6.921864795021891594e+06 1.567913210351111500e+15
-4.754387027186144921e-01 -6.921864795021891594e+06 1.567913210351111500e+15
-4.754387027186144921e-01 -6.921864795021891594e+06 1.567913210351111500e+15
-4.754387027186144921e-01 -6.921864795021891594e+06 1.567913210351111500e+15
-4.754387027186144921e-01 -6.921864795021891594e+06 1.567913210351111500e+15
-4.754387027186144921e-01 -6.921864795021891594e+06 1.567913210351111500e+15
-4.754387027186144921e-01 -6.921864795021891594e+06 1.567913210351111500e+15
-4.754387027186144921e-01 -6.921864795021891594e+06 1.567913210351111500e+15
-4.754387027186144921e-01 -6.921864795021891594e+06 1.567913210351111500e+15
-4.754387027276794075e-01 -6.921864779643595219e+06 1.567913210351111500e+15
-4.754387027276794075e-01 -6.921864779643595219e+06 1.567913210351111500e+15
-4.754387027276794075e-01 -6.921864779643595219e+06 1.567913210351111500e+15
-4.754387027276794075e-01 -6.921864779643595219e+06 1.567913210351111500e+15
-4.754387027276794075e-01 -6.921864779643595219e+06 1.567913210351111500e+15
-4.754387027276794075e-01 -6.921864779643595219e+06 1.567913210351111500e+15
-4.754387027276794075e-01 -6.921864779643595219e+06 1.567913210351111500e+15
-4.754387027276794075e-01 -6.921864779643595219e+06 1.567913210351111500e+15
-4.754387027276794075e-01 -6.921864779643595219e+06 1.567913210351111500e+15
-4.754387027526471576e-01 -6.921864783390104771e+06 1.567913210351111500e+15
-4.754387027526471576e-01 -6.921864783390104771e+06 1.567913210351111500e+15
-4.754387027526471576e-01 -6.921864783390104771e+06 1.567913210351111500e+15
-4.754387027526471576e-01 -6.921864783390104771e+06 1.567913210351111500e+15
-4.754387027526471576e-01 -6.921864783390104771e+06 1.567913210351111500e+15
-4.754387027526471576e-01 -6.921864783390104771e+06 1.567913210351111500e+15
-4.754387027526471576e-01 -6.921864783390104771e+06 1.567913210351111500e+15
-4.754387027526471576e-01 -6.921864783390104771e+06 1.567913210351111500e+15
-4.754387027526471576e-01 -6.921864783390104771e+06 1.567913210351111500e+15
-4.754387027526471576e-01 -6.921864783390104771e+06 1.567913210351111500e+15
-4.754387027526471576e-01 -6.921864783390104771e+06 1.567913210351111500e+15
-4.754387027526471576e-01 -6.921864783390104771e+06 1.567913210351111500e+15
-4.754387027526471576e-01 -6.921864783390104771e+06 1.567913210351111500e+15
-4.754387027526471576e-01 -6.921864783390104771e+06 1.567913210351111500e+15
-4.754387027526471576e-01 -6.921864783390104771e+06 1.567913210351111500e+15
-4.754387027526471576e-01 -6.921864783390104771e+06 1.567913210351111500e+15
-4.754387027526471576e-01 -6.921864783390104771e+06 1.567913210351111500e+15
-4.754387027526471576e-01 -6.921864783390104771e+06 1.567913210351111500e+15