" File: Hubka Cryo\27_09_2013\2013_09_27_YbYAG10
" SCOPE->  Wave:891.48nm  Pix:1050  Val:277.601  Time:98ms  Avg:100  Sm:1  Sg:0  Tc:off  Xt:3  Ch:1 
 486.00  1.1273E+002
 486.50  1.1476E+002
 487.00  1.1359E+002
 487.50  1.1796E+002
 488.00  1.2439E+002
 488.50  1.2395E+002
 489.00  1.1416E+002
 489.50  1.2078E+002
 490.00  1.1923E+002
 490.50  1.1617E+002
 491.00  1.1749E+002
 491.50  1.1567E+002
 492.00  1.2999E+002
 492.50  1.2346E+002
 493.00  1.2175E+002
 493.50  1.2059E+002
 494.00  1.2010E+002
 494.50  1.2118E+002
 495.00  1.2276E+002
 495.50  1.2323E+002
 496.00  1.2156E+002
 496.50  1.2073E+002
 497.00  1.1885E+002
 497.50  1.1836E+002
 498.00  1.1834E+002
 498.50  1.1840E+002
 499.00  1.1865E+002
 499.50  1.1960E+002
 500.00  1.2137E+002
 500.50  1.2155E+002
 501.00  1.2198E+002
 501.50  1.1984E+002
 502.00  1.1716E+002
 502.50  1.1563E+002
 503.00  1.1653E+002
 503.50  1.2007E+002
 504.00  1.2682E+002
 504.50  1.3003E+002
 505.00  1.2780E+002
 505.50  1.2297E+002
 506.00  1.1926E+002
 506.50  1.1829E+002
 507.00  1.2187E+002
 507.50  1.2230E+002
 508.00  1.2161E+002
 508.50  1.1996E+002
 509.00  1.2119E+002
 509.50  1.2263E+002
 510.00  1.2258E+002
 510.50  1.2149E+002
 511.00  1.2318E+002
 511.50  1.2671E+002
 512.00  1.2680E+002
 512.50  1.2576E+002
 513.00  1.2167E+002
 513.50  1.2106E+002
 514.00  1.2341E+002
 514.50  1.2433E+002
 515.00  1.2434E+002
 515.50  1.2341E+002
 516.00  1.2410E+002
 516.50  1.2512E+002
 517.00  1.2350E+002
 517.50  1.2110E+002
 518.00  1.1943E+002
 518.50  1.2139E+002
 519.00  1.2566E+002
 519.50  1.2965E+002
 520.00  1.2706E+002
 520.50  1.2446E+002
 521.00  1.2080E+002
 521.50  1.1770E+002
 522.00  1.1898E+002
 522.50  1.1832E+002
 523.00  1.2072E+002
 523.50  1.2335E+002
 524.00  1.2364E+002
 524.50  1.2389E+002
 525.00  1.2247E+002
 525.50  1.1998E+002
 526.00  1.2072E+002
 526.50  1.2150E+002
 527.00  1.2195E+002
 527.50  1.2351E+002
 528.00  1.2218E+002
 528.50  1.2359E+002
 529.00  1.2377E+002
 529.50  1.2271E+002
 530.00  1.2191E+002
 530.50  1.2161E+002
 531.00  1.2260E+002
 531.50  1.2377E+002
 532.00  1.2566E+002
 532.50  1.2446E+002
 533.00  1.2432E+002
 533.50  1.2390E+002
 534.00  1.2491E+002
 534.50  1.2721E+002
 535.00  1.2692E+002
 535.50  1.2629E+002
 536.00  1.2498E+002
 536.50  1.2320E+002
 537.00  1.2164E+002
 537.50  1.1930E+002
 538.00  1.1975E+002
 538.50  1.2282E+002
 539.00  1.2658E+002
 539.50  1.2707E+002
 540.00  1.2552E+002
 540.50  1.2606E+002
 541.00  1.2670E+002
 541.50  1.2954E+002
 542.00  1.3224E+002
 542.50  1.3274E+002
 543.00  1.3200E+002
 543.50  1.3129E+002
 544.00  1.3005E+002
 544.50  1.2821E+002
 545.00  1.3070E+002
 545.50  1.3779E+002
 546.00  1.5160E+002
 546.50  1.6068E+002
 547.00  1.6395E+002
 547.50  1.5399E+002
 548.00  1.3985E+002
 548.50  1.3030E+002
 549.00  1.2791E+002
 549.50  1.2974E+002
 550.00  1.2940E+002
 550.50  1.2650E+002
 551.00  1.2391E+002
 551.50  1.2162E+002
 552.00  1.2172E+002
 552.50  1.2039E+002
 553.00  1.1830E+002
 553.50  1.1730E+002
 554.00  1.2199E+002
 554.50  1.2602E+002
 555.00  1.2610E+002
 555.50  1.2613E+002
 556.00  1.2335E+002
 556.50  1.2070E+002
 557.00  1.2181E+002
 557.50  1.2062E+002
 558.00  1.2105E+002
 558.50  1.2424E+002
 559.00  1.2447E+002
 559.50  1.2539E+002
 560.00  1.2383E+002
 560.50  1.2241E+002
 561.00  1.2439E+002
 561.50  1.2729E+002
 562.00  1.2781E+002
 562.50  1.2573E+002
 563.00  1.2313E+002
 563.50  1.2235E+002
 564.00  1.2368E+002
 564.50  1.2422E+002
 565.00  1.2386E+002
 565.50  1.2080E+002
 566.00  1.2012E+002
 566.50  1.2367E+002
 567.00  1.2689E+002
 567.50  1.2704E+002
 568.00  1.2627E+002
 568.50  1.2320E+002
 569.00  1.2483E+002
 569.50  1.2820E+002
 570.00  1.2970E+002
 570.50  1.3016E+002
 571.00  1.2708E+002
 571.50  1.2601E+002
 572.00  1.2627E+002
 572.50  1.2361E+002
 573.00  1.2194E+002
 573.50  1.2211E+002
 574.00  1.2375E+002
 574.50  1.2995E+002
 575.00  1.3180E+002
 575.50  1.3117E+002
 576.00  1.2753E+002
 576.50  1.2666E+002
 577.00  1.2707E+002
 577.50  1.2789E+002
 578.00  1.2525E+002
 578.50  1.2412E+002
 579.00  1.2597E+002
 579.50  1.2740E+002
 580.00  1.3090E+002
 580.50  1.2614E+002
 581.00  1.2069E+002
 581.50  1.1644E+002
 582.00  1.1647E+002
 582.50  1.2125E+002
 583.00  1.2455E+002
 583.50  1.2663E+002
 584.00  1.2432E+002
 584.50  1.2596E+002
 585.00  1.2416E+002
 585.50  1.2305E+002
 586.00  1.2166E+002
 586.50  1.2034E+002
 587.00  1.2181E+002
 587.50  1.2468E+002
 588.00  1.2951E+002
 588.50  1.3016E+002
 589.00  1.2816E+002
 589.50  1.2908E+002
 590.00  1.2689E+002
 590.50  1.2902E+002
 591.00  1.3451E+002
 591.50  1.3259E+002
 592.00  1.3132E+002
 592.50  1.2972E+002
 593.00  1.2511E+002
 593.50  1.2570E+002
 594.00  1.2581E+002
 594.50  1.2639E+002
 595.00  1.2732E+002
 595.50  1.2494E+002
 596.00  1.2290E+002
 596.50  1.2062E+002
 597.00  1.2018E+002
 597.50  1.2324E+002
 598.00  1.2532E+002
 598.50  1.2558E+002
 599.00  1.2379E+002
 599.50  1.2011E+002
 600.00  1.2077E+002
 600.50  1.2237E+002
 601.00  1.2456E+002
 601.50  1.2788E+002
 602.00  1.2746E+002
 602.50  1.2812E+002
 603.00  1.2747E+002
 603.50  1.2719E+002
 604.00  1.2565E+002
 604.50  1.2642E+002
 605.00  1.2636E+002
 605.50  1.2480E+002
 606.00  1.2397E+002
 606.50  1.2172E+002
 607.00  1.1905E+002
 607.50  1.1985E+002
 608.00  1.2149E+002
 608.50  1.2324E+002
 609.00  1.2657E+002
 609.50  1.2547E+002
 610.00  1.2572E+002
 610.50  1.2502E+002
 611.00  1.2514E+002
 611.50  1.2787E+002
 612.00  1.2774E+002
 612.50  1.2922E+002
 613.00  1.3239E+002
 613.50  1.3273E+002
 614.00  1.3378E+002
 614.50  1.3417E+002
 615.00  1.3101E+002
 615.50  1.3221E+002
 616.00  1.3077E+002
 616.50  1.2792E+002
 617.00  1.2876E+002
 617.50  1.2863E+002
 618.00  1.3082E+002
 618.50  1.3129E+002
 619.00  1.2902E+002
 619.50  1.2765E+002
 620.00  1.2536E+002
 620.50  1.2554E+002
 621.00  1.2462E+002
 621.50  1.2315E+002
 622.00  1.2104E+002
 622.50  1.1850E+002
 623.00  1.2010E+002
 623.50  1.2069E+002
 624.00  1.2365E+002
 624.50  1.2574E+002
 625.00  1.2435E+002
 625.50  1.2485E+002
 626.00  1.2415E+002
 626.50  1.2355E+002
 627.00  1.2443E+002
 627.50  1.2401E+002
 628.00  1.2247E+002
 628.50  1.2376E+002
 629.00  1.2415E+002
 629.50  1.2467E+002
 630.00  1.2400E+002
 630.50  1.2011E+002
 631.00  1.2097E+002
 631.50  1.2231E+002
 632.00  1.2550E+002
 632.50  1.3068E+002
 633.00  1.3048E+002
 633.50  1.2862E+002
 634.00  1.2641E+002
 634.50  1.2396E+002
 635.00  1.2195E+002
 635.50  1.2141E+002
 636.00  1.2058E+002
 636.50  1.2045E+002
 637.00  1.2169E+002
 637.50  1.2294E+002
 638.00  1.2499E+002
 638.50  1.2562E+002
 639.00  1.2477E+002
 639.50  1.2370E+002
 640.00  1.2349E+002
 640.50  1.2465E+002
 641.00  1.2619E+002
 641.50  1.2628E+002
 642.00  1.2657E+002
 642.50  1.2527E+002
 643.00  1.2330E+002
 643.50  1.2440E+002
 644.00  1.2384E+002
 644.50  1.2438E+002
 645.00  1.2527E+002
 645.50  1.2506E+002
 646.00  1.2572E+002
 646.50  1.2779E+002
 647.00  1.2721E+002
 647.50  1.2672E+002
 648.00  1.2621E+002
 648.50  1.2358E+002
 649.00  1.2302E+002
 649.50  1.2442E+002
 650.00  1.2633E+002
 650.50  1.2684E+002
 651.00  1.2723E+002
 651.50  1.2480E+002
 652.00  1.2255E+002
 652.50  1.2184E+002
 653.00  1.2200E+002
 653.50  1.2267E+002
 654.00  1.2255E+002
 654.50  1.2173E+002
 655.00  1.2138E+002
 655.50  1.2058E+002
 656.00  1.2207E+002
 656.50  1.2352E+002
 657.00  1.2417E+002
 657.50  1.2457E+002
 658.00  1.2334E+002
 658.50  1.2430E+002
 659.00  1.2501E+002
 659.50  1.2517E+002
 660.00  1.2556E+002
 660.50  1.2566E+002
 661.00  1.2576E+002
 661.50  1.2677E+002
 662.00  1.2570E+002
 662.50  1.2395E+002
 663.00  1.2635E+002
 663.50  1.2389E+002
 664.00  1.2598E+002
 664.50  1.2594E+002
 665.00  1.2344E+002
 665.50  1.2659E+002
 666.00  1.2848E+002
 666.50  1.2963E+002
 667.00  1.3023E+002
 667.50  1.2892E+002
 668.00  1.2694E+002
 668.50  1.2561E+002
 669.00  1.2247E+002
 669.50  1.2112E+002
 670.00  1.2123E+002
 670.50  1.2131E+002
 671.00  1.2349E+002
 671.50  1.2533E+002
 672.00  1.2343E+002
 672.50  1.2438E+002
 673.00  1.2452E+002
 673.50  1.2373E+002
 674.00  1.2568E+002
 674.50  1.2484E+002
 675.00  1.2402E+002
 675.50  1.2553E+002
 676.00  1.2468E+002
 676.50  1.2603E+002
 677.00  1.2819E+002
 677.50  1.2648E+002
 678.00  1.2754E+002
 678.50  1.2634E+002
 679.00  1.2589E+002
 679.50  1.2662E+002
 680.00  1.2701E+002
 680.50  1.2806E+002
 681.00  1.2653E+002
 681.50  1.2372E+002
 682.00  1.2398E+002
 682.50  1.2514E+002
 683.00  1.2547E+002
 683.50  1.2806E+002
 684.00  1.2922E+002
 684.50  1.2970E+002
 685.00  1.3122E+002
 685.50  1.3136E+002
 686.00  1.2971E+002
 686.50  1.2840E+002
 687.00  1.2614E+002
 687.50  1.2475E+002
 688.00  1.2517E+002
 688.50  1.2413E+002
 689.00  1.2292E+002
 689.50  1.2182E+002
 690.00  1.1927E+002
 690.50  1.2126E+002
 691.00  1.2266E+002
 691.50  1.2450E+002
 692.00  1.2612E+002
 692.50  1.2643E+002
 693.00  1.2748E+002
 693.50  1.2557E+002
 694.00  1.2441E+002
 694.50  1.2394E+002
 695.00  1.2473E+002
 695.50  1.2530E+002
 696.00  1.2545E+002
 696.50  1.2507E+002
 697.00  1.2418E+002
 697.50  1.2494E+002
 698.00  1.2548E+002
 698.50  1.2526E+002
 699.00  1.2680E+002
 699.50  1.2767E+002
 700.00  1.2767E+002
 700.50  1.2873E+002
 701.00  1.2616E+002
 701.50  1.2500E+002
 702.00  1.2518E+002
 702.50  1.2405E+002
 703.00  1.2392E+002
 703.50  1.2468E+002
 704.00  1.2505E+002
 704.50  1.2580E+002
 705.00  1.2578E+002
 705.50  1.2525E+002
 706.00  1.2427E+002
 706.50  1.2438E+002
 707.00  1.2437E+002
 707.50  1.2416E+002
 708.00  1.2525E+002
 708.50  1.2677E+002
 709.00  1.2965E+002
 709.50  1.2862E+002
 710.00  1.2573E+002
 710.50  1.2377E+002
 711.00  1.2149E+002
 711.50  1.2130E+002
 712.00  1.2330E+002
 712.50  1.2229E+002
 713.00  1.2338E+002
 713.50  1.2356E+002
 714.00  1.2361E+002
 714.50  1.2399E+002
 715.00  1.2459E+002
 715.50  1.2507E+002
 716.00  1.2451E+002
 716.50  1.2450E+002
 717.00  1.2508E+002
 717.50  1.2521E+002
 718.00  1.2547E+002
 718.50  1.2690E+002
 719.00  1.2697E+002
 719.50  1.2885E+002
 720.00  1.3029E+002
 720.50  1.3016E+002
 721.00  1.3054E+002
 721.50  1.3060E+002
 722.00  1.2997E+002
 722.50  1.2843E+002
 723.00  1.2751E+002
 723.50  1.2701E+002
 724.00  1.2633E+002
 724.50  1.2642E+002
 725.00  1.2637E+002
 725.50  1.2647E+002
 726.00  1.2818E+002
 726.50  1.2800E+002
 727.00  1.2845E+002
 727.50  1.2799E+002
 728.00  1.2643E+002
 728.50  1.2689E+002
 729.00  1.2600E+002
 729.50  1.2536E+002
 730.00  1.2489E+002
 730.50  1.2504E+002
 731.00  1.2371E+002
 731.50  1.2293E+002
 732.00  1.2181E+002
 732.50  1.2143E+002
 733.00  1.2231E+002
 733.50  1.2382E+002
 734.00  1.2772E+002
 734.50  1.3006E+002
 735.00  1.3212E+002
 735.50  1.3246E+002
 736.00  1.3125E+002
 736.50  1.2797E+002
 737.00  1.2674E+002
 737.50  1.2700E+002
 738.00  1.2532E+002
 738.50  1.2538E+002
 739.00  1.2430E+002
 739.50  1.2380E+002
 740.00  1.2545E+002
 740.50  1.2884E+002
 741.00  1.2944E+002
 741.50  1.2833E+002
 742.00  1.2734E+002
 742.50  1.2534E+002
 743.00  1.2685E+002
 743.50  1.2868E+002
 744.00  1.3027E+002
 744.50  1.3327E+002
 745.00  1.3458E+002
 745.50  1.3381E+002
 746.00  1.3336E+002
 746.50  1.3195E+002
 747.00  1.2996E+002
 747.50  1.2971E+002
 748.00  1.3076E+002
 748.50  1.3081E+002
 749.00  1.2988E+002
 749.50  1.2946E+002
 750.00  1.2849E+002
 750.50  1.2798E+002
 751.00  1.2841E+002
 751.50  1.3141E+002
 752.00  1.2944E+002
 752.50  1.2744E+002
 753.00  1.2460E+002
 753.50  1.1955E+002
 754.00  1.2078E+002
 754.50  1.2085E+002
 755.00  1.2418E+002
 755.50  1.2731E+002
 756.00  1.2631E+002
 756.50  1.2712E+002
 757.00  1.2522E+002
 757.50  1.2487E+002
 758.00  1.2774E+002
 758.50  1.2820E+002
 759.00  1.3072E+002
 759.50  1.3041E+002
 760.00  1.2745E+002
 760.50  1.2789E+002
 761.00  1.2820E+002
 761.50  1.2698E+002
 762.00  1.2907E+002
 762.50  1.2887E+002
 763.00  1.2635E+002
 763.50  1.2904E+002
 764.00  1.2952E+002
 764.50  1.3108E+002
 765.00  1.3301E+002
 765.50  1.3231E+002
 766.00  1.3194E+002
 766.50  1.3072E+002
 767.00  1.2827E+002
 767.50  1.2681E+002
 768.00  1.2595E+002
 768.50  1.2523E+002
 769.00  1.2719E+002
 769.50  1.2750E+002
 770.00  1.2772E+002
 770.50  1.2882E+002
 771.00  1.2763E+002
 771.50  1.2663E+002
 772.00  1.2646E+002
 772.50  1.2562E+002
 773.00  1.2677E+002
 773.50  1.2804E+002
 774.00  1.2739E+002
 774.50  1.2683E+002
 775.00  1.2616E+002
 775.50  1.2626E+002
 776.00  1.2760E+002
 776.50  1.2869E+002
 777.00  1.3060E+002
 777.50  1.3338E+002
 778.00  1.3268E+002
 778.50  1.3236E+002
 779.00  1.3116E+002
 779.50  1.2906E+002
 780.00  1.2883E+002
 780.50  1.2805E+002
 781.00  1.2647E+002
 781.50  1.2426E+002
 782.00  1.2155E+002
 782.50  1.2086E+002
 783.00  1.2184E+002
 783.50  1.2466E+002
 784.00  1.2763E+002
 784.50  1.2924E+002
 785.00  1.2927E+002
 785.50  1.2707E+002
 786.00  1.2658E+002
 786.50  1.2688E+002
 787.00  1.2716E+002
 787.50  1.2803E+002
 788.00  1.2889E+002
 788.50  1.2854E+002
 789.00  1.2734E+002
 789.50  1.2836E+002
 790.00  1.2885E+002
 790.50  1.2740E+002
 791.00  1.2649E+002
 791.50  1.2505E+002
 792.00  1.2315E+002
 792.50  1.2365E+002
 793.00  1.2588E+002
 793.50  1.2736E+002
 794.00  1.2915E+002
 794.50  1.3290E+002
 795.00  1.3143E+002
 795.50  1.3221E+002
 796.00  1.3215E+002
 796.50  1.2680E+002
 797.00  1.2718E+002
 797.50  1.2666E+002
 798.00  1.2468E+002
 798.50  1.2592E+002
 799.00  1.2563E+002
 799.50  1.2376E+002
 800.00  1.2507E+002
 800.50  1.2727E+002
 801.00  1.2784E+002
 801.50  1.2897E+002
 802.00  1.3086E+002
 802.50  1.3066E+002
 803.00  1.3214E+002
 803.50  1.3544E+002
 804.00  1.3520E+002
 804.50  1.3434E+002
 805.00  1.3371E+002
 805.50  1.3191E+002
 806.00  1.3163E+002
 806.50  1.3235E+002
 807.00  1.3197E+002
 807.50  1.3141E+002
 808.00  1.3048E+002
 808.50  1.3053E+002
 809.00  1.3100E+002
 809.50  1.3155E+002
 810.00  1.3188E+002
 810.50  1.3137E+002
 811.00  1.3135E+002
 811.50  1.3100E+002
 812.00  1.3075E+002
 812.50  1.3052E+002
 813.00  1.2984E+002
 813.50  1.2990E+002
 814.00  1.2803E+002
 814.50  1.2628E+002
 815.00  1.2796E+002
 815.50  1.2916E+002
 816.00  1.3184E+002
 816.50  1.3413E+002
 817.00  1.3389E+002
 817.50  1.3351E+002
 818.00  1.3092E+002
 818.50  1.2985E+002
 819.00  1.2948E+002
 819.50  1.2889E+002
 820.00  1.3097E+002
 820.50  1.3157E+002
 821.00  1.3047E+002
 821.50  1.3108E+002
 822.00  1.2843E+002
 822.50  1.2830E+002
 823.00  1.2891E+002
 823.50  1.2780E+002
 824.00  1.2945E+002
 824.50  1.3086E+002
 825.00  1.3144E+002
 825.50  1.3209E+002
 826.00  1.3118E+002
 826.50  1.3195E+002
 827.00  1.3083E+002
 827.50  1.3093E+002
 828.00  1.3181E+002
 828.50  1.2735E+002
 829.00  1.2808E+002
 829.50  1.2608E+002
 830.00  1.2458E+002
 830.50  1.2756E+002
 831.00  1.2944E+002
 831.50  1.3129E+002
 832.00  1.3329E+002
 832.50  1.3401E+002
 833.00  1.3378E+002
 833.50  1.3401E+002
 834.00  1.3467E+002
 834.50  1.3603E+002
 835.00  1.3502E+002
 835.50  1.3320E+002
 836.00  1.3278E+002
 836.50  1.3310E+002
 837.00  1.3340E+002
 837.50  1.3445E+002
 838.00  1.3360E+002
 838.50  1.3150E+002
 839.00  1.2888E+002
 839.50  1.3012E+002
 840.00  1.3108E+002
 840.50  1.3297E+002
 841.00  1.3547E+002
 841.50  1.3536E+002
 842.00  1.3628E+002
 842.50  1.3704E+002
 843.00  1.3843E+002
 843.50  1.3888E+002
 844.00  1.3626E+002
 844.50  1.3398E+002
 845.00  1.3104E+002
 845.50  1.2768E+002
 846.00  1.2982E+002
 846.50  1.3255E+002
 847.00  1.3461E+002
 847.50  1.3799E+002
 848.00  1.3854E+002
 848.50  1.3802E+002
 849.00  1.3690E+002
 849.50  1.3528E+002
 850.00  1.3549E+002
 850.50  1.3477E+002
 851.00  1.3658E+002
 851.50  1.3849E+002
 852.00  1.3854E+002
 852.50  1.3690E+002
 853.00  1.3573E+002
 853.50  1.3417E+002
 854.00  1.3561E+002
 854.50  1.4001E+002
 855.00  1.4020E+002
 855.50  1.3961E+002
 856.00  1.3892E+002
 856.50  1.3739E+002
 857.00  1.3862E+002
 857.50  1.4097E+002
 858.00  1.3919E+002
 858.50  1.3892E+002
 859.00  1.3858E+002
 859.50  1.4085E+002
 860.00  1.4373E+002
 860.50  1.4474E+002
 861.00  1.4369E+002
 861.50  1.4213E+002
 862.00  1.4210E+002
 862.50  1.4425E+002
 863.00  1.4589E+002
 863.50  1.4687E+002
 864.00  1.4656E+002
 864.50  1.4684E+002
 865.00  1.4838E+002
 865.50  1.4788E+002
 866.00  1.5015E+002
 866.50  1.5048E+002
 867.00  1.4931E+002
 867.50  1.5104E+002
 868.00  1.5170E+002
 868.50  1.5439E+002
 869.00  1.5705E+002
 869.50  1.5674E+002
 870.00  1.5678E+002
 870.50  1.5512E+002
 871.00  1.5535E+002
 871.50  1.5637E+002
 872.00  1.5713E+002
 872.50  1.5862E+002
 873.00  1.5927E+002
 873.50  1.6368E+002
 874.00  1.6873E+002
 874.50  1.7047E+002
 875.00  1.7357E+002
 875.50  1.7683E+002
 876.00  1.7734E+002
 876.50  1.7940E+002
 877.00  1.8193E+002
 877.50  1.8406E+002
 878.00  1.8474E+002
 878.50  1.8829E+002
 879.00  1.9278E+002
 879.50  1.9605E+002
 880.00  2.0205E+002
 880.50  2.0612E+002
 881.00  2.0729E+002
 881.50  2.0786E+002
 882.00  2.0675E+002
 882.50  2.0670E+002
 883.00  2.0989E+002
 883.50  2.1347E+002
 884.00  2.1734E+002
 884.50  2.2123E+002
 885.00  2.2264E+002
 885.50  2.2303E+002
 886.00  2.2426E+002
 886.50  2.2623E+002
 887.00  2.2970E+002
 887.50  2.3386E+002
 888.00  2.3781E+002
 888.50  2.4241E+002
 889.00  2.4651E+002
 889.50  2.4898E+002
 890.00  2.5363E+002
 890.50  2.5923E+002
 891.00  2.6797E+002
 891.50  2.7796E+002
 892.00  2.8601E+002
 892.50  2.9292E+002
 893.00  2.9655E+002
 893.50  3.0043E+002
 894.00  3.0570E+002
 894.50  3.0932E+002
 895.00  3.1292E+002
 895.50  3.1578E+002
 896.00  3.1790E+002
 896.50  3.2149E+002
 897.00  3.2917E+002
 897.50  3.3700E+002
 898.00  3.4632E+002
 898.50  3.5796E+002
 899.00  3.7056E+002
 899.50  3.8559E+002
 900.00  4.0132E+002
 900.50  4.1543E+002
 901.00  4.2563E+002
 901.50  4.3453E+002
 902.00  4.4559E+002
 902.50  4.5529E+002
 903.00  4.6951E+002
 903.50  4.8476E+002
 904.00  4.9936E+002
 904.50  5.1603E+002
 905.00  5.3165E+002
 905.50  5.4653E+002
 906.00  5.6252E+002
 906.50  5.7597E+002
 907.00  5.9183E+002
 907.50  6.1014E+002
 908.00  6.2969E+002
 908.50  6.5341E+002
 909.00  6.8085E+002
 909.50  7.1295E+002
 910.00  7.5337E+002
 910.50  7.9851E+002
 911.00  8.4843E+002
 911.50  8.9853E+002
 912.00  9.3931E+002
 912.50  9.7405E+002
 913.00  1.0024E+003
 913.50  1.0253E+003
 914.00  1.0502E+003
 914.50  1.0739E+003
 915.00  1.0907E+003
 915.50  1.1005E+003
 916.00  1.1000E+003
 916.50  1.0896E+003
 917.00  1.0810E+003
 917.50  1.0746E+003
 918.00  1.0735E+003
 918.50  1.0784E+003
 919.00  1.0858E+003
 919.50  1.0946E+003
 920.00  1.1063E+003
 920.50  1.1207E+003
 921.00  1.1375E+003
 921.50  1.1605E+003
 922.00  1.1914E+003
 922.50  1.2339E+003
 923.00  1.2886E+003
 923.50  1.3537E+003
 924.00  1.4230E+003
 924.50  1.4925E+003
 925.00  1.5660E+003
 925.50  1.6312E+003
 926.00  1.6855E+003
 926.50  1.7329E+003
 927.00  1.7718E+003
 927.50  1.8057E+003
 928.00  1.8381E+003
 928.50  1.8798E+003
 929.00  1.9393E+003
 929.50  2.0592E+003
 930.00  2.3721E+003
 930.50  3.0482E+003
 931.00  4.1597E+003
 931.50  5.6238E+003
 932.00  7.1637E+003
 932.50  8.5496E+003
 933.00  9.6729E+003
 933.50  1.0308E+004
 934.00  1.0218E+004
 934.50  9.3660E+003
 935.00  7.9275E+003
 935.50  6.2411E+003
 936.00  4.7706E+003
 936.50  3.7688E+003
 937.00  3.2176E+003
 937.50  2.9680E+003
 938.00  2.8696E+003
 938.50  2.8391E+003
 939.00  2.8494E+003
 939.50  2.8929E+003
 940.00  2.9393E+003
 940.50  2.9789E+003
 941.00  3.0078E+003
 941.50  3.0166E+003
 942.00  2.9985E+003
 942.50  2.9618E+003
 943.00  2.9199E+003
 943.50  2.8704E+003
 944.00  2.8151E+003
 944.50  2.7588E+003
 945.00  2.6922E+003
 945.50  2.6225E+003
 946.00  2.5622E+003
 946.50  2.5208E+003
 947.00  2.4935E+003
 947.50  2.4746E+003
 948.00  2.4617E+003
 948.50  2.4576E+003
 949.00  2.4700E+003
 949.50  2.4949E+003
 950.00  2.5316E+003
 950.50  2.5670E+003
 951.00  2.5854E+003
 951.50  2.5966E+003
 952.00  2.6007E+003
 952.50  2.5957E+003
 953.00  2.5985E+003
 953.50  2.6132E+003
 954.00  2.6386E+003
 954.50  2.6767E+003
 955.00  2.7359E+003
 955.50  2.8095E+003
 956.00  2.8790E+003
 956.50  2.9387E+003
 957.00  2.9885E+003
 957.50  3.0278E+003
 958.00  3.0572E+003
 958.50  3.0841E+003
 959.00  3.1117E+003
 959.50  3.1294E+003
 960.00  3.1451E+003
 960.50  3.1606E+003
 961.00  3.1676E+003
 961.50  3.1777E+003
 962.00  3.1955E+003
 962.50  3.2074E+003
 963.00  3.2319E+003
 963.50  3.2736E+003
 964.00  3.3349E+003
 964.50  3.4275E+003
 965.00  3.5456E+003
 965.50  3.6935E+003
 966.00  3.8735E+003
 966.50  4.0877E+003
 967.00  4.3363E+003
 967.50  4.6051E+003
 968.00  4.8469E+003
 968.50  5.0150E+003
 969.00  5.0643E+003
 969.50  4.9892E+003
 970.00  4.8031E+003
 970.50  4.5394E+003
 971.00  4.2524E+003
 971.50  3.9737E+003
 972.00  3.7233E+003
 972.50  3.5222E+003
 973.00  3.3675E+003
 973.50  3.2526E+003
 974.00  3.1754E+003
 974.50  3.1267E+003
 975.00  3.1043E+003
 975.50  3.1039E+003
 976.00  3.1367E+003
 976.50  3.1960E+003
 977.00  3.2737E+003
 977.50  3.3694E+003
 978.00  3.4693E+003
 978.50  3.5594E+003
 979.00  3.6385E+003
 979.50  3.7172E+003
 980.00  3.7972E+003
 980.50  3.8745E+003
 981.00  3.9500E+003
 981.50  4.0220E+003
 982.00  4.0766E+003
 982.50  4.1133E+003
 983.00  4.1280E+003
 983.50  4.1254E+003
 984.00  4.1191E+003
 984.50  4.1170E+003
 985.00  4.1327E+003
 985.50  4.1540E+003
 986.00  4.1656E+003
 986.50  4.1626E+003
 987.00  4.1438E+003
 987.50  4.1167E+003
 988.00  4.0887E+003
 988.50  4.0666E+003
 989.00  4.0584E+003
 989.50  4.0581E+003
 990.00  4.0610E+003
 990.50  4.0795E+003
 991.00  4.1121E+003
 991.50  4.1487E+003
 992.00  4.1997E+003
 992.50  4.2496E+003
 993.00  4.2918E+003
 993.50  4.3286E+003
 994.00  4.3759E+003
 994.50  4.4466E+003
 995.00  4.5341E+003
 995.50  4.6360E+003
 996.00  4.7451E+003
 996.50  4.8522E+003
 997.00  4.9647E+003
 997.50  5.0814E+003
 998.00  5.1852E+003
 998.50  5.2709E+003
 999.00  5.3377E+003
 999.50  5.3874E+003
1000.00  5.4225E+003
1000.50  5.4512E+003
1001.00  5.4711E+003
1001.50  5.4752E+003
1002.00  5.4894E+003
1002.50  5.5147E+003
1003.00  5.5546E+003
1003.50  5.6017E+003
1004.00  5.6483E+003
1004.50  5.6924E+003
1005.00  5.7136E+003
1005.50  5.7257E+003
1006.00  5.7251E+003
1006.50  5.7065E+003
1007.00  5.6785E+003
1007.50  5.6342E+003
1008.00  5.5729E+003
1008.50  5.4991E+003
1009.00  5.4126E+003
1009.50  5.3325E+003
1010.00  5.2723E+003
1010.50  5.2285E+003
1011.00  5.2010E+003
1011.50  5.1802E+003
1012.00  5.1553E+003
1012.50  5.1261E+003
1013.00  5.0968E+003
1013.50  5.0653E+003
1014.00  5.0373E+003
1014.50  5.0121E+003
1015.00  4.9920E+003
1015.50  4.9946E+003
1016.00  5.0332E+003
1016.50  5.1038E+003
1017.00  5.2008E+003
1017.50  5.3288E+003
1018.00  5.4867E+003
1018.50  5.6585E+003
1019.00  5.8552E+003
1019.50  6.0747E+003
1020.00  6.3155E+003
1020.50  6.5807E+003
1021.00  6.8770E+003
1021.50  7.2147E+003
1022.00  7.5898E+003
1022.50  7.9689E+003
1023.00  8.3274E+003
1023.50  8.6939E+003
1024.00  9.0159E+003
1024.50  9.2947E+003
1025.00  9.5682E+003
1025.50  9.8190E+003
1026.00  1.0049E+004
1026.50  1.0294E+004
1027.00  1.0533E+004
1027.50  1.0781E+004
1028.00  1.1060E+004
1028.50  1.1352E+004
1029.00  1.1622E+004
1029.50  1.1811E+004
1030.00  1.1839E+004
1030.50  1.1657E+004
1031.00  1.1298E+004
1031.50  1.0826E+004
1032.00  1.0274E+004
1032.50  9.6671E+003
1033.00  9.0336E+003
1033.50  8.3828E+003
1034.00  7.7373E+003
1034.50  7.1419E+003
1035.00  6.5956E+003
1035.50  6.1148E+003
1036.00  5.6840E+003
1036.50  5.2955E+003
1037.00  4.9630E+003
1037.50  4.6667E+003
1038.00  4.3995E+003
1038.50  4.1632E+003
1039.00  3.9541E+003
1039.50  3.7497E+003
1040.00  3.5592E+003
1040.50  3.3861E+003
1041.00  3.2250E+003
1041.50  3.0754E+003
1042.00  2.9499E+003
1042.50  2.8357E+003
1043.00  2.7355E+003
1043.50  2.6519E+003
1044.00  2.5876E+003
1044.50  2.5399E+003
1045.00  2.5064E+003
1045.50  2.4876E+003
1046.00  2.4788E+003
1046.50  2.4703E+003
1047.00  2.4659E+003
1047.50  2.4568E+003
1048.00  2.4335E+003
1048.50  2.3971E+003
1049.00  2.3521E+003
1049.50  2.2956E+003
1050.00  2.2357E+003
1050.50  2.1664E+003
1051.00  2.0780E+003
1051.50  1.9737E+003
1052.00  1.8605E+003
1052.50  1.7450E+003
1053.00  1.6336E+003
1053.50  1.5335E+003
1054.00  1.4399E+003
1054.50  1.3510E+003
1055.00  1.2718E+003
1055.50  1.2036E+003
1056.00  1.1418E+003
1056.50  1.0884E+003
1057.00  1.0446E+003
1057.50  1.0019E+003
1058.00  9.6180E+002
1058.50  9.2555E+002
1059.00  8.9123E+002
1059.50  8.5740E+002
1060.00  8.2730E+002
1060.50  7.9780E+002
1061.00  7.6934E+002
1061.50  7.4060E+002
1062.00  7.1501E+002
1062.50  6.9209E+002
1063.00  6.7240E+002
1063.50  6.5336E+002
1064.00  6.3594E+002
1064.50  6.1999E+002
1065.00  6.0264E+002
1065.50  5.8562E+002
1066.00  5.7299E+002
1066.50  5.5988E+002
1067.00  5.4694E+002
1067.50  5.3788E+002
1068.00  5.2806E+002
1068.50  5.1795E+002
1069.00  5.0923E+002
1069.50  4.9976E+002
1070.00  4.9039E+002
1070.50  4.8342E+002
1071.00  4.7563E+002
1071.50  4.6922E+002
1072.00  4.6338E+002
1072.50  4.5654E+002
1073.00  4.4983E+002
1073.50  4.4230E+002
1074.00  4.3436E+002
1074.50  4.2713E+002
1075.00  4.2055E+002
1075.50  4.1454E+002
1076.00  4.0931E+002
1076.50  4.0404E+002
1077.00  3.9769E+002
1077.50  3.8996E+002
1078.00  3.8342E+002
1078.50  3.7657E+002
1079.00  3.7103E+002
1079.50  3.6601E+002
1080.00  3.6005E+002
1080.50  3.5368E+002
1081.00  3.4906E+002
1081.50  3.4368E+002
1082.00  3.3704E+002
1082.50  3.3309E+002
1083.00  3.2629E+002
1083.50  3.2110E+002
1084.00  3.1798E+002
1084.50  3.1425E+002
1085.00  3.1046E+002
1085.50  3.0627E+002
1086.00  3.0018E+002
1086.50  2.9646E+002
1087.00  2.9166E+002
1087.50  2.8909E+002
1088.00  2.8611E+002
1088.50  2.8289E+002
1089.00  2.7993E+002
1089.50  2.7617E+002
1090.00  2.7264E+002
1090.50  2.6967E+002
1091.00  2.6503E+002
1091.50  2.6206E+002
1092.00  2.5811E+002
1092.50  2.5326E+002
1093.00  2.5035E+002
1093.50  2.4744E+002
1094.00  2.4418E+002
1094.50  2.4030E+002
1095.00  2.3582E+002
1095.50  2.3348E+002
1096.00  2.3148E+002
1096.50  2.3038E+002
1097.00  2.3048E+002
1097.50  2.2984E+002
1098.00  2.2831E+002
1098.50  2.2715E+002
1099.00  2.2404E+002
1099.50  2.2050E+002
1100.00  2.1947E+002
1100.50  2.1519E+002
1101.00  2.1425E+002
1101.50  2.1180E+002
1102.00  2.0840E+002
1102.50  2.0492E+002
1103.00  2.0169E+002
1103.50  1.9864E+002
1104.00  1.9730E+002
1104.50  1.9552E+002
1105.00  1.9441E+002
1105.50  1.9360E+002
1106.00  1.9230E+002
1106.50  1.9052E+002
1107.00  1.8909E+002
1107.50  1.8626E+002
1108.00  1.8504E+002
1108.50  1.8567E+002
1109.00  1.8615E+002
1109.50  1.8574E+002
1110.00  1.8592E+002
1110.50  1.8416E+002
1111.00  1.8126E+002
1111.50  1.7845E+002
1112.00  1.7577E+002
1112.50  1.7503E+002
1113.00  1.7449E+002
1113.50  1.7410E+002
1114.00  1.7425E+002
1114.50  1.7146E+002
1115.00  1.6902E+002
1115.50  1.6786E+002
1116.00  1.6585E+002
1116.50  1.6582E+002
1117.00  1.6514E+002
1117.50  1.6342E+002
1118.00  1.6356E+002
1118.50  1.6378E+002
1119.00  1.6427E+002
1119.50  1.6629E+002
1120.00  1.6427E+002
1120.50  1.6328E+002
1121.00  1.6228E+002
1121.50  1.6069E+002
1122.00  1.5994E+002
1122.50  1.5905E+002
1123.00  1.5946E+002
1123.50  1.5837E+002
1124.00  1.5796E+002
1124.50  1.5998E+002
1125.00  1.6109E+002
1125.50  1.6038E+002
1126.00  1.6082E+002
1126.50  1.6056E+002
1127.00  1.5866E+002
1127.50  1.5755E+002
1128.00  1.5687E+002
1128.50  1.5754E+002
1129.00  1.5789E+002
1129.50  1.5840E+002
1130.00  1.5589E+002
1130.50  1.5453E+002
1131.00  1.5269E+002
1131.50  1.5165E+002
1132.00  1.5204E+002
1132.50  1.5355E+002
1133.00  1.5396E+002
1133.50  1.5355E+002
1134.00  1.5602E+002
1134.50  1.5782E+002
1135.00  1.5557E+002
1135.50  1.5335E+002
1136.00  1.5026E+002
1136.50  1.4829E+002
1137.00  1.4887E+002
1137.50  1.5061E+002
1138.00  1.5329E+002
1138.50  1.5493E+002
1139.00  1.5343E+002
1139.50  1.5223E+002
1140.00  1.5172E+002
1140.50  1.5010E+002
1141.00  1.4820E+002
1141.50  1.4805E+002
1142.00  1.4831E+002
1142.50  1.4905E+002
1143.00  1.4991E+002
1143.50  1.4988E+002
1144.00  1.4841E+002
1144.50  1.4610E+002
1145.00  1.4616E+002
1145.50  1.4655E+002
1146.00  1.4707E+002
1146.50  1.4897E+002
1147.00  1.4888E+002
1147.50  1.4898E+002
1148.00  1.4835E+002
1148.50  1.4591E+002
1149.00  1.4429E+002
1149.50  1.4435E+002
1150.00  1.4372E+002
1150.50  1.4542E+002
1151.00  1.4718E+002
1151.50  1.4740E+002
1152.00  1.4656E+002
1152.50  1.4705E+002
1153.00  1.4884E+002
1153.50  1.5044E+002
1154.00  1.5261E+002
1154.50  1.5095E+002
1155.00  1.4874E+002
1155.50  1.4599E+002
1156.00  1.4502E+002
1156.50  1.4585E+002
1157.00  1.4729E+002
1157.50  1.4688E+002
1158.00  1.4613E+002
1158.50  1.4514E+002
1159.00  1.4342E+002
1159.50  1.4362E+002
1160.00  1.4442E+002
1160.50  1.4587E+002
1161.00  1.4467E+002
1161.50  1.4322E+002
1162.00  1.4430E+002
1162.50  1.4358E+002
1163.00  1.4411E+002
1163.50  1.4638E+002
1164.00  1.4586E+002
1164.50  1.4447E+002
1165.00  1.4381E+002
1165.50  1.4164E+002
1166.00  1.4132E+002
1166.50  1.4106E+002
1167.00  1.4142E+002
1167.50  1.4051E+002
1168.00  1.4089E+002
1168.50  1.4080E+002
1169.00  1.4204E+002
1169.50  1.4266E+002
1170.00  1.4158E+002
1170.50  1.4198E+002
1171.00  1.3973E+002
1171.50  1.3767E+002
1172.00  1.3967E+002
1172.50  1.3985E+002
1173.00  1.3964E+002
1173.50  1.4095E+002
1174.00  1.3897E+002
1174.50  1.3783E+002
1175.00  1.3938E+002
1175.50  1.4112E+002
1176.00  1.4335E+002
1176.50  1.4623E+002
1177.00  1.4658E+002
1177.50  1.4603E+002
1178.00  1.4317E+002
1178.50  1.4154E+002
1179.00  1.3895E+002
1179.50  1.3812E+002
1180.00  1.3833E+002
1180.50  1.3848E+002
1181.00  1.3825E+002
1181.50  1.3765E+002
1182.00  1.3485E+002
1182.50  1.3179E+002
1183.00  1.3097E+002
1183.50  1.3178E+002
1184.00  1.3489E+002
1184.50  1.3660E+002
1185.00  1.3927E+002
1185.50  1.4038E+002
1186.00  1.3964E+002
1186.50  1.3882E+002
1187.00  1.3931E+002
1187.50  1.3843E+002
1188.00  1.3732E+002
1188.50  1.3467E+002
1189.00  1.3365E+002
1189.50  1.3246E+002
1190.00  1.3497E+002
1190.50  1.3780E+002
1191.00  1.4276E+002
1191.50  1.4444E+002
1192.00  1.4350E+002
1192.50  1.4202E+002
1193.00  1.4163E+002
1193.50  1.4059E+002
1194.00  1.4136E+002
1194.50  1.4051E+002
1195.00  1.3846E+002
1195.50  1.3643E+002
1196.00  1.3494E+002
1196.50  1.3425E+002
1197.00  1.3684E+002
1197.50  1.3798E+002
1198.00  1.3767E+002
1198.50  1.3841E+002
1199.00  1.3834E+002
1199.50  1.3646E+002
1200.00  1.3662E+002
1200.50  1.3764E+002
1201.00  1.3671E+002
1201.50  1.3451E+002
1202.00  1.3475E+002
1202.50  1.3345E+002
1203.00  1.3179E+002
1203.50  1.3309E+002
1204.00  1.3567E+002
1204.50  1.3619E+002
1205.00  1.3485E+002
1205.50  1.3845E+002
1206.00  1.4332E+002
1206.50  1.4404E+002
1207.00  1.4560E+002
1207.50  1.4661E+002
1208.00  1.3933E+002
1208.50  1.3418E+002
1209.00  1.3608E+002
1209.50  1.3585E+002
1210.00  1.3714E+002
1210.50  1.3857E+002
1211.00  1.3820E+002
1211.50  1.3499E+002
1212.00  1.3335E+002
1212.50  1.3109E+002
1213.00  1.2918E+002
1213.50  1.2827E+002
1214.00  1.2812E+002
1214.50  1.2801E+002
1215.00  1.2869E+002
1215.50  1.3101E+002
1216.00  1.3312E+002
1216.50  1.3488E+002
1217.00  1.3541E+002
1217.50  1.3449E+002
1218.00  1.3323E+002
1218.50  1.3244E+002
1219.00  1.3037E+002
1219.50  1.2986E+002
1220.00  1.3027E+002
1220.50  1.2814E+002
1221.00  1.2620E+002
1221.50  1.2704E+002
1222.00  1.2621E+002
1222.50  1.2582E+002
1223.00  1.2681E+002
1223.50  1.2631E+002
1224.00  1.2540E+002
1224.50  1.2589E+002
1225.00  1.2652E+002
1225.50  1.2812E+002
1226.00  1.3077E+002
1226.50  1.3221E+002
1227.00  1.3128E+002
1227.50  1.3075E+002
1228.00  1.3013E+002
1228.50  1.2965E+002
1229.00  1.2638E+002
1229.50  1.2806E+002
1230.00  1.2841E+002
1230.50  1.2840E+002
1231.00  1.2900E+002
1231.50  1.3038E+002
1232.00  1.2986E+002
1232.50  1.3144E+002
1233.00  1.3226E+002
1233.50  1.3172E+002
1234.00  1.3258E+002
1234.50  1.3128E+002
1235.00  1.3096E+002
1235.50  1.3156E+002
1236.00  1.3228E+002
1236.50  1.2974E+002
1237.00  1.2786E+002
1237.50  1.2574E+002
1238.00  1.2295E+002
1238.50  1.2272E+002
1239.00  1.2392E+002
1239.50  1.2527E+002
1240.00  1.2570E+002
1240.50  1.2683E+002
1241.00  1.2756E+002
1241.50  1.2680E+002
1242.00  1.2687E+002
1242.50  1.2698E+002
1243.00  1.2658E+002
1243.50  1.2739E+002
1244.00  1.2861E+002
1244.50  1.2881E+002
1245.00  1.2957E+002
1245.50  1.3225E+002
1246.00  1.3222E+002
1246.50  1.3208E+002
1247.00  1.3301E+002
1247.50  1.3264E+002
1248.00  1.3209E+002
1248.50  1.3292E+002
1249.00  1.3264E+002
1249.50  1.3174E+002
1250.00  1.3137E+002
1250.50  1.3158E+002
1251.00  1.3070E+002
1251.50  1.3217E+002
1252.00  1.3242E+002
1252.50  1.3171E+002
1253.00  1.3134E+002
1253.50  1.3308E+002
1254.00  1.3202E+002
1254.50  1.3059E+002
1255.00  1.2917E+002
1255.50  1.2821E+002
1256.00  1.2931E+002
1256.50  1.3131E+002
1257.00  1.3269E+002
1257.50  1.3377E+002
1258.00  1.3204E+002
1258.50  1.3061E+002
1259.00  1.3073E+002
1259.50  1.3096E+002
1260.00  1.3374E+002
1260.50  1.3544E+002
1261.00  1.3559E+002
1261.50  1.3485E+002
1262.00  1.3436E+002
1262.50  1.3012E+002
1263.00  1.2850E+002
1263.50  1.2841E+002
1264.00  1.2871E+002
1264.50  1.2846E+002
1265.00  1.2783E+002
1265.50  1.2725E+002
1266.00  1.2488E+002
1266.50  1.2236E+002
1267.00  1.2301E+002
1267.50  1.2490E+002
1268.00  1.2428E+002
1268.50  1.2692E+002
1269.00  1.2780E+002
1269.50  1.2803E+002
1270.00  1.2723E+002
1270.50  1.2636E+002
1271.00  1.2497E+002
1271.50  1.2440E+002
1272.00  1.2481E+002
1272.50  1.2614E+002
1273.00  1.2850E+002
1273.50  1.2963E+002
1274.00  1.2892E+002
1274.50  1.2850E+002
1275.00  1.2612E+002
1275.50  1.2493E+002
1276.00  1.2427E+002
1276.50  1.2467E+002
1277.00  1.2538E+002
1277.50  1.2672E+002
1278.00  1.2610E+002
1278.50  1.2676E+002
1279.00  1.2664E+002
1279.50  1.2705E+002
1280.00  1.2720E+002
1280.50  1.2664E+002
1281.00  1.2762E+002
1281.50  1.2826E+002
1282.00  1.2828E+002
1282.50  1.2926E+002
1283.00  1.2969E+002
1283.50  1.3125E+002
1284.00  1.3203E+002
1284.50  1.3264E+002
1285.00  1.3094E+002
1285.50  1.3066E+002
1286.00  1.2859E+002
1286.50  1.2727E+002
1287.00  1.2617E+002
1287.50  1.2785E+002
1288.00  1.2764E+002
1288.50  1.2723E+002
1289.00  1.2866E+002
1289.50  1.2898E+002
1290.00  1.2977E+002
1290.50  1.3152E+002
1291.00  1.3216E+002
1291.50  1.3061E+002
1292.00  1.2891E+002
1292.50  1.2652E+002
1293.00  1.2485E+002
1293.50  1.2406E+002
1294.00  1.2549E+002
1294.50  1.2610E+002
1295.00  1.2669E+002
1295.50  1.2747E+002
1296.00  1.2803E+002
1296.50  1.2831E+002
1297.00  1.2793E+002
1297.50  1.2649E+002
1298.00  1.2609E+002
1298.50  1.2572E+002
1299.00  1.2556E+002
1299.50  1.2721E+002
1300.00  1.2917E+002
1300.50  1.3000E+002
1301.00  1.3044E+002
1301.50  1.3008E+002
1302.00  1.3082E+002
1302.50  1.2966E+002
1303.00  1.2756E+002
1303.50  1.2630E+002
1304.00  1.2709E+002
1304.50  1.2485E+002
1305.00  1.2712E+002
1305.50  1.2786E+002
1306.00  1.2831E+002
1306.50  1.2817E+002
1307.00  1.2795E+002
1307.50  1.2678E+002
1308.00  1.2535E+002
1308.50  1.2533E+002
1309.00  1.2489E+002
1309.50  1.2649E+002
1310.00  1.2764E+002
1310.50  1.2772E+002
1311.00  1.2648E+002
1311.50  1.2612E+002
1312.00  1.2571E+002
1312.50  1.2566E+002
1313.00  1.2724E+002
1313.50  1.2927E+002
1314.00  1.2759E+002
1314.50  1.2586E+002
1315.00  1.2584E+002
1315.50  1.2503E+002
1316.00  1.2498E+002
1316.50  1.2526E+002
1317.00  1.2600E+002
1317.50  1.2528E+002
1318.00  1.2553E+002
1318.50  1.2647E+002
1319.00  1.2654E+002
1319.50  1.2547E+002
1320.00  1.2538E+002
1320.50  1.2560E+002
1321.00  1.2496E+002
1321.50  1.2627E+002
1322.00  1.2815E+002
1322.50  1.2878E+002
1323.00  1.2950E+002
1323.50  1.3048E+002
1324.00  1.3031E+002
1324.50  1.3039E+002
1325.00  1.3009E+002
1325.50  1.2970E+002
1326.00  1.3000E+002
1326.50  1.2923E+002
1327.00  1.2787E+002
1327.50  1.2713E+002
1328.00  1.2923E+002
1328.50  1.2677E+002
1329.00  1.2678E+002
1329.50  1.2846E+002
1330.00  1.2835E+002
1330.50  1.2553E+002
1331.00  1.2685E+002
1331.50  1.2588E+002
1332.00  1.2279E+002
1332.50  1.2305E+002
1333.00  1.2465E+002
1333.50  1.2425E+002
1334.00  1.2550E+002
1334.50  1.2788E+002
1335.00  1.2753E+002
1335.50  1.2789E+002
1336.00  1.3044E+002
1336.50  1.3126E+002
1337.00  1.3115E+002
1337.50  1.3181E+002
1338.00  1.3025E+002
1338.50  1.2962E+002
1339.00  1.2965E+002
1339.50  1.2954E+002
1340.00  1.2752E+002
1340.50  1.2899E+002
1341.00  1.2702E+002
1341.50  1.3130E+002
1342.00  1.2398E+002
1342.50  1.2184E+002